Security Code,Security Name,Name of Person,Category of person,Type of Securities held Prior to acquisition/Disposed),Number of Securities held Prior to acquisition/Disposed,%   of  Securities held Prior to acquisition/Disposed,Type of Securities Acquired/Disposed/Pledge etc.,Number of Securities Acquired/Disposed/Pledge etc.,Value  of Securities Acquired/Disposed/Pledge etc,Transaction Type ( Buy/Sale/Pledge/Revoke/Invoke),Type of Securities held Post  acquisition/Disposed/Pledge  etc,Number of Securities held Post  acquisition/Disposed/Pledge etc,Post-Transaction % of Shareholding,Date of acquisition of shares/sale of shares/Date of Allotment(From date),Date of acquisition of shares/sale of shares/Date of Allotment( To date  ),Date of Intimation to Company,Mode of Acquisition,Trading in Derivative - Type of Contract,Derivative Contract  Specification,Derivatives - Buy Value (Notional),Derivatives - Buy-Number of Units(Contracts*lot size),Derivatives - Sales Value (Notional),Derivatives - Sales-Number of Units(Contracts * lot size),Exchange on which the Trade was executed,Reported to Exchange
500400,Tata Power Company Ltd,Tata Sons Private Limited,Promoter,Equity Shares,1444513021,45.21,Equity Shares,17739505,1750000000.00,Pledge,Equity,1444513021,45.21,25 Mar 2021,25 Mar 2021,30 Mar 2021,Pledge Released,,,,,,,NA,31 Mar 2021
500400,Tata Power Company Ltd,N. Chandrasekaran,Director,Equity Shares,200000,0.01,Equity Shares,250000,15750000.00,Acquisition,Equity,450000,0.01,27 Nov 2020,27 Nov 2020,02 Dec 2020,Market Purchase,,,,,,,NSE,03 Dec 2020
500400,Tata Power Company Ltd,N. Chandrasekaran,Director,Equity Shares,450000,0.01,Equity Shares,250000,17000000.00,Acquisition,Equity,700000,0.02,01 Dec 2020,01 Dec 2020,02 Dec 2020,Market Purchase,,,,,,,NSE,03 Dec 2020
500400,Tata Power Company Ltd,Tata Sons Private Limited,Promoter,Equity Shares,953946984,35.27,Equity Shares,490566037,25999999961.00,Acquisition,Equity,1444513021,45.21,13 Aug 2020,13 Aug 2020,17 Aug 2020,Preferential Offer,,,,,,,NA,18 Aug 2020
500400,Tata Power Company Ltd,N. Chandrasekaran,Director,Equity Shares,0,0.00,Equity Shares,200000,8238000.00,Acquisition,Equity,200000,0.01,16 Mar 2020,16 Mar 2020,18 Mar 2020,Market Purchase,,,,,,,NSE,18 Mar 2020
500400,Tata Power Company Ltd,Tata Sons Private Limited,Promoter,Equity Shares,926668205,34.26,Equity Shares,13878964,537393486.00,Acquisition,Equity,940547169,34.77,12 Mar 2020,12 Mar 2020,16 Mar 2020,Market Purchase,,,,,,,NSE,17 Mar 2020
500400,Tata Power Company Ltd,Tata Sons Private Limited,Promoter,Equity Shares,940547169,34.77,Equity Shares,13399815,556092322.00,Acquisition,Equity,953946984,35.27,13 Mar 2020,13 Mar 2020,16 Mar 2020,Market Purchase,,,,,,,NSE,17 Mar 2020
500400,Tata Power Company Ltd,Tata Sons Private Limited,Promoter,Equity Shares,915710925,33.86,Equity Shares,3869699,258264168.00,Acquisition,Equity,919580624,34.00,20 Sep 2019,20 Sep 2019,24 Sep 2019,Market Purchase,,,,,,,NSE,26 Sep 2019
500400,Tata Power Company Ltd,Tata Sons Private Limited,Promoter,Equity Shares,919580624,34.00,Equity Shares,6875371,460993626.00,Acquisition,Equity,926455995,34.25,23 Sep 2019,23 Sep 2019,24 Sep 2019,Market Purchase,,,,,,,NSE,26 Sep 2019
500400,Tata Power Company Ltd,Tata Sons Private Limited,Promoter,Equity Shares,926455995,34.25,Equity Shares,83006,5568042.00,Acquisition,Equity,926539001,34.26,23 Sep 2019,23 Sep 2019,24 Sep 2019,Market Purchase,,,,,,,BSE,26 Sep 2019
500400,Tata Power Company Ltd,Tata Sons Private Limited,Promoter,Equity Shares,926539001,34.26,Equity Shares,129204,8520029.00,Acquisition,Equity,926668205,34.26,23 Sep 2019,23 Sep 2019,24 Sep 2019,Market Purchase,,,,,,,NSE,26 Sep 2019
500400,Tata Power Company Ltd,Tata Sons Private Limited,Promoter,Equity Shares,888140444,32.84,Equity Shares,4507295,288241515.00,Acquisition,Equity,892647739,33.00,17 Sep 2019,17 Sep 2019,19 Sep 2019,Market Purchase,,,,,,,NSE,23 Sep 2019
500400,Tata Power Company Ltd,Tata Sons Private Limited,Promoter,Equity Shares,892647739,33.00,Equity Shares,803021,51353193.00,Acquisition,Equity,893450760,33.03,17 Sep 2019,17 Sep 2019,19 Sep 2019,Market Purchase,,,,,,,BSE,23 Sep 2019
500400,Tata Power Company Ltd,Tata Sons Private Limited,Promoter,Equity Shares,893450760,33.03,Equity Shares,1254529,79863316.00,Acquisition,Equity,894705289,33.08,17 Sep 2019,17 Sep 2019,19 Sep 2019,Market Purchase,,,,,,,NSE,23 Sep 2019
500400,Tata Power Company Ltd,Tata Sons Private Limited,Promoter,Equity Shares,894705289,33.08,Equity Shares,1823467,116355429.00,Acquisition,Equity,896528756,33.15,18 Sep 2019,18 Sep 2019,19 Sep 2019,Market Purchase,,,,,,,NSE,23 Sep 2019
500400,Tata Power Company Ltd,Tata Sons Private Limited,Promoter,Equity Shares,896528756,33.15,Equity Shares,146744,9362267.00,Acquisition,Equity,896675500,33.15,18 Sep 2019,18 Sep 2019,19 Sep 2019,Market Purchase,,,,,,,BSE,23 Sep 2019
500400,Tata Power Company Ltd,Tata Sons Private Limited,Promoter,Equity Shares,896675500,33.15,Equity Shares,1353109,86161963.00,Acquisition,Equity,898028609,33.20,18 Sep 2019,18 Sep 2019,19 Sep 2019,Market Purchase,,,,,,,NSE,23 Sep 2019
500400,Tata Power Company Ltd,Tata Sons Private Limited,Promoter,Equity Shares,898028609,33.20,Equity Shares,200000,12750000.00,Acquisition,Equity,898228609,33.21,18 Sep 2019,18 Sep 2019,19 Sep 2019,Market Purchase,,,,,,,BSE,23 Sep 2019
500400,Tata Power Company Ltd,Tata Sons Private Limited,Promoter,Equity Shares,898228609,33.21,Equity Shares,8650353,557515251.00,Acquisition,Equity,906878962,33.53,19 Sep 2019,19 Sep 2019,19 Sep 2019,Market Purchase,,,,,,,NSE,23 Sep 2019
500400,Tata Power Company Ltd,Tata Sons Private Limited,Promoter,Equity Shares,906878962,33.53,Equity Shares,811372,52268584.00,Acquisition,Equity,907690334,33.56,19 Sep 2019,19 Sep 2019,19 Sep 2019,Market Purchase,,,,,,,BSE,23 Sep 2019
500400,Tata Power Company Ltd,Tata Sons Private Limited,Promoter,Equity Shares,907690334,33.56,Equity Shares,587188,37531508.00,Acquisition,Equity,908277522,33.58,19 Sep 2019,19 Sep 2019,19 Sep 2019,Market Purchase,,,,,,,NSE,23 Sep 2019
500400,Tata Power Company Ltd,Tata Sons Private Limited,Promoter,Equity Shares,908277522,33.58,Equity Shares,7433403,477224473.00,Acquisition,Equity,915710925,33.86,19 Sep 2019,19 Sep 2019,19 Sep 2019,Market Purchase,,,,,,,BSE,23 Sep 2019
500400,Tata Power Company Ltd,Tata Sons Private Limited,Promoter,Equity Shares,855195580,31.62,Equity Shares,9290916,591924258.00,Acquisition,Equity,864486496,31.96,12 Sep 2019,12 Sep 2019,16 Sep 2019,Market Purchase,,,,,,,NSE,18 Sep 2019
500400,Tata Power Company Ltd,Tata Sons Private Limited,Promoter,Equity Shares,864486496,31.96,Equity Shares,318366,20178037.00,Acquisition,Equity,864804862,31.97,12 Sep 2019,12 Sep 2019,16 Sep 2019,Market Purchase,,,,,,,BSE,18 Sep 2019
500400,Tata Power Company Ltd,Tata Sons Private Limited,Promoter,Equity Shares,864804862,31.97,Equity Shares,2703472,170081457.00,Acquisition,Equity,867508334,32.07,12 Sep 2019,12 Sep 2019,16 Sep 2019,Market Purchase,,,,,,,NSE,18 Sep 2019
